T = [0.98 0 0.4 0;
    0 0.95 0 0.4;
    0 0.05, .6 0;
    0.02,0,0 0.6];
